0.893315
0.866562
0.88283
0.868295
0.866895
0.889677
0.895942
0.890244
0.879934
0.875856
0.883738
0.877871
0.881363
0.883621
0.879031
0.882276
0.882449
0.880583
0.877737
0.880332
0.879614
0.883261
0.885019
0.883576
0.613583
0
0.163915
0.0885443
0
0.0765471
0.0879208
0.871627
0.87764
0.869442
0.871542
0.880349
0.890048
0.891634
0.886364
0.886775
0.883614
0.886071
0.885
0.884383
0.887438
0.884998
0.883185
0.881212
0.882189
0.877587
0.884072
0.879501
0.882595
0.875752
0.877355
0.606013
0.087542
0.228773
0.0760728
0.164158
0.088775
0.153349
0.881613
0.884743
0.870209
0.888547
0.890319
0.879517
0.883475
0.887821
0.875643
0.888223
0.884175
0.883067
0.884052
0.885407
0.878956
0.886232
0.877866
0.880956
0.880019
0.877629
0.882233
0.885185
0.87901
0.791646
0.602638
0
0
0
0.175061
0
0.0767397
0.871575
0.87758
0.883844
0.865124
0.869275
0.887333
0.882188
0.888021
0.882766
0.894619
0.897366
0.886835
0.883469
0.883646
0.884963
0.881243
0.886873
0.881585
0.885489
0.875068
0.88093
0.883864
0.880453
0.873707
0.515484
0.0767673
0
0
0.177779
0
0.163865
0.873809
0.877204
0.858836
0.861065
0.872168
0.886336
0.880133
0.862061
0.865104
0.88973
0.891019
0.887352
0.890268
0.881414
0.885226
0.883645
0.883925
0.887202
0.8799
0.8892
0.88818
0.884646
0.884421
0.876608
0.433711
0.150631
0
0
0.152882
0.0875003
0
0.857364
0.86847
0.877462
0.882282
0.880182
0.872158
0.851267
0.871416
0.880103
0.890692
0.882255
0.897673
0.886272
0.891501
0.881364
0.886416
0.876594
0.881757
0.890274
0.887892
0.887729
0.883774
0.882477
0.88013
0.598801
0.0765815
0.163183
0.164908
0.0886725
0.0768399
0.163613
0.875754
0.875292
0.865781
0.867534
0.88637
0.869972
0.88342
0.879449
0.884162
0.857965
0.884043
0.866659
0.891755
0.88993
0.887892
0.893637
0.883186
0.884191
0.889651
0.878918
0.878873
0.883556
0.892409
0.873546
0.681364
0
0.0872364
0.0760243
0.0763219
0.0767255
0
0.851157
0.858228
0.867239
0.859222
0.862374
0.870362
0.877493
0.862053
0.863342
0.867669
0.881679
0.896307
0.880663
0.883767
0.886823
0.842003
0.885278
0.80661
0.87911
0.888221
0.890784
0.891451
0.786597
0.878805
0.598749
0.0761272
0
0.0884143
0.0766487
0
0.241452
0.858599
0.870971
0.869365
0.84302
0.853111
0.86358
0.871365
0.864592
0.88129
0.864587
0.873066
0.887166
0.888312
0.889289
0.891618
0.891229
0.898712
0.893291
0.886844
0.891306
0.892015
0.88695
0.885267
0.785863
0.583192
0.0760886
0.0770447
0.0761776
0.151909
0
0
0.837755
0.865798
0.86326
0.861133
0.840185
0.842264
0.846221
0.842852
0.847435
0.853808
0.864979
0.870731
0.899923
0.895591
0.86263
0.887962
0.884167
0.892757
0.896898
0.89393
0.892532
0.899631
0.895654
0.876086
0.50123
0.227963
0.0884804
0
0.0896091
0.0767898
0
0.855779
0.835061
0.844658
0.849562
0.84113
0.851465
0.832958
0.854684
0.807753
0.855928
0.861988
0.865892
0.869602
0.903846
0.884527
0.892301
0.907413
0.885358
0.878944
0.901744
0.894975
0.899791
0.888584
0.879068
0.351731
0
0
0
0
0.164928
0.152315
0.855667
0.822759
0.846341
0.845664
0.843064
0.855317
0.841179
0.855917
0.849646
0.842036
0.849128
0.86481
0.879852
0.879195
0.881707
0.89025
0.889987
0.884088
0.892565
0.899284
0.884524
0.900705
0.904465
0.8711
0.482373
0.151688
0
0.0889789
0.0761209
0
0
0.821316
0.834123
0.842796
0.827793
0.859286
0.836256
0.84778
0.84914
0.832954
0.847334
0.802207
0.861095
0.833803
0.860067
0.883734
0.855922
0.867149
0.90176
0.874956
0.901754
0.897533
0.895459
0.89789
0.773172
0.384022
0
0
0.0902141
0
0.076502
0.0905981
0.768778
0.787351
0.803859
0.812903
0.852067
0.855901
0.853303
0.836908
0.82492
0.846225
0.827941
0.816718
0.856938
0.834711
0.858762
0.838302
0.85596
0.883474
0.874714
0.908307
0.905771
0.914957
0.902663
0.753558
0.348719
0
0
0.0842931
0.0766356
0.0913948
0.0908143
0.819717
0.757515
0.831015
0.791356
0.7803
0.807118
0.793494
0.821627
0.851598
0.82612
0.809223
0.81855
0.869154
0.857389
0.882997
0.877686
0.866223
0.873705
0.908629
0.875951
0.870654
0.907805
0.91083
0.784183
0.204053
0.0758145
0.168199
0.0763694
0.260068
0.0763783
0.153019
0.78481
0.788945
0.788589
0.814741
0.810969
0.820125
0.828456
0.85438
0.822953
0.816336
0.844465
0.846127
0.851617
0.843992
0.837083
0.861544
0.859657
0.87568
0.88773
0.864467
0.914233
0.902748
0.875693
0.846781
0.2254
0.167716
0
0.151393
0.0763503
0.166576
0.258329
0.783574
0.743867
0.787278
0.797762
0.759461
0.798515
0.810451
0.809561
0.817415
0.805578
0.866102
0.854544
0.897952
0.827241
0.821882
0.864077
0.875866
0.903897
0.867583
0.905135
0.84436
0.907634
0.917569
0.761267
0.16813
0.184091
0
0.0931415
0.153158
0.169297
0
0.843194
0.806265
0.842369
0.788431
0.795454
0.814975
0.846708
0.800822
0.832151
0.836911
0.826054
0.811761
0.85166
0.866762
0.839869
0.838052
0.860713
0.901497
0.841017
0.869871
0.917809
0.912045
0.873833
0.660795
0.0884172
0.185
0.0762238
0.092751
0.169487
0.0911584
0.168635
0.83744
0.85969
0.798654
0.787933
0.844259
0.861363
0.852888
0.819779
0.854017
0.829724
0.822653
0.806205
0.841633
0.839836
0.78525
0.844473
0.860645
0.863734
0.883204
0.888576
0.917893
0.884941
0.88941
0.482767
0.0821226
0
0.0923516
0.0757423
0.0765566
0.076481
0.0929038
0.837048
0.829732
0.821234
0.816524
0.745994
0.831591
0.842872
0.821862
0.831602
0.816462
0.823032
0.843998
0.840369
0.828549
0.873988
0.858627
0.840936
0.848954
0.88407
0.888973
0.898269
0.931419
0.36502
0.102612
0.0768188
0.259183
0.167289
0.0927632
0.0759047
0
0.839813
0.810982
0.830186
0.844577
0.843954
0.837665
0.854277
0.788535
0.852019
0.838937
0.841049
0.869188
0.857783
0.845712
0.81816
0.865191
0.876352
0.835029
0.859852
0.871255
0.874191
0.879583
0.642698
0.390048
0.0764703
0.090575
0.0763278
0.166055
0.258641
0.242549
0.152699
0.820002
0.810141
0.767681
0.84677
0.847622
0.793905
0.832874
0.829894
0.828518
0.845632
0.860772
0.819412
0.792561
0.824496
0.800885
0.866879
0.85913
0.850637
0.858115
0.904291
0.865271
0.800712
0.635504
0.0762703
0
0.0757684
0.166556
0.0767005
0
0
0.776257
0.840695
0.770434
0.853311
0.882926
0.857983
0.857732
0.831673
0.839999
0.857723
0.834954
0.832004
0.825466
0.871062
0.87438
0.843689
0.859655
0.867194
0.86051
0.868995
0.882038
0.863106
0.538002
0.382198
0.0760728
0.0767861
0.164523
0
0
0
0.0887807
0.817456
0.894171
0.833758
0.833337
0.887099
0.891539
0.835171
0.848046
0.764555
0.796799
0.836298
0.824998
0.887861
0.815446
0.878402
0.815037
0.873525
0.849915
0.83889
0.867798
0.82897
0.829639
0
0.0766529
0
0.168022
0.0878891
0.0885163
0.164205
0.838979
0.880606
0.851124
0.85358
0.791545
0.901888
0.901129
0.850146
0.833203
0.797944
0.886245
0.892347
0.88096
0.830555
0.786915
0.840788
0.884006
0.888462
0.905444
0.363017
0.143772
0
0.153005
0.151309
0.175005
0.163491
0
0.0763562
0.832203
0.890854
0.862476
0.82238
0.830105
0.81394
0.889242
0.812922
0.880721
0.818248
0.889007
0.891274
0.836495
0.888139
0.892743
0.897773
0.835108
0.884244
0.838087
0.88872
0.764192
0.621745
0.0959158
0.0759208
0
0.0759166
0
0.0878075
0.0766535
0.087494
0.824125
0.891946
0.836291
0.896103
0.897621
0.838147
0.888258
0.884291
0.886402
0.879676
0.889112
0.82399
0.901155
0.785153
0.836509
0.894696
0.891527
0.887336
0.891442
0.892973
0.895577
0.835581
0.188535
0.0884143
0
0
0.0877213
0
0
0.165012
0.834844
0.897782
0.851714
0.843442
0.890613
0.896508
0.889796
0.835286
0.835277
0.851172
0.897505
0.845372
0.890343
0.822807
0.826717
0.840898
0.829017
0.890085
0.899225
0.77982
0.819903
0.470793
0.124002
0.163598
0.0763187
0.164543
0.151954
0
0.163425
0.151408
0.889429
0.893889
0.754044
0.82019
0.903092
0.899534
0.899339
0.899656
0.892457
0.830394
0.887604
0.795323
0.89115
0.827072
0.898084
0.831269
0.833449
0.889133
0.828726
0.833519
0.9007
0.800549
0.45861
0.177409
0.174935
0.164189
0
0.0758913
0.0882175
0.151953
0.0761779
0.818919
0.81882
0.895943
0.831122
0.896849
0.832508
0.791205
0.903587
0.89416
0.897307
0.827736
0.899753
0.834803
0.829649
0.887467
0.903057
0.753582
0.766251
0.832179
0.448659
0.189174
0.0758858
0.164227
0.0766468
0.174781
0.0877543
0
0
0.899321
0.891769
0.827025
0.844142
0.898057
0.820266
0.830833
0.838538
0.762399
0.826856
0.830057
0.901973
0.821911
0.901493
0.834952
0.896393
0.899013
0.903593
0.618912
0.439223
0.180902
0.0880788
0.151473
0.175739
0
0
0
0.263629

